,grid_res,time,RMSE,loss,type
0,10,1691.403308391571,0.007498876859958915,243.30547,kdv_eqn
1,10,162.67252683639526,0.00654762135562045,378.7074,kdv_eqn
2,10,1316.7455689907074,0.007795952931835056,379.8686,kdv_eqn
3,10,1268.9349360466003,0.007795952931835056,379.8686,kdv_eqn
4,10,1269.1880915164948,0.007795952931835056,379.8686,kdv_eqn
5,10,1268.4885892868042,0.007795952931835056,379.8686,kdv_eqn
6,10,1267.0923943519592,0.007795952931835056,379.8686,kdv_eqn
7,10,1265.788583278656,0.007795952931835056,379.8686,kdv_eqn
8,10,1263.9850006103516,0.007795952931835056,379.8686,kdv_eqn
9,10,1266.0128552913666,0.007795952931835056,379.8686,kdv_eqn
10,20,558.5116763114929,0.006986404076877214,391.46393,kdv_eqn
11,20,563.6273601055145,0.006986404076877214,391.46393,kdv_eqn
12,20,560.0313203334808,0.006986404076877214,391.46393,kdv_eqn
13,20,563.0281386375427,0.006986404076877214,391.46393,kdv_eqn
14,20,559.4405601024628,0.006986404076877214,391.46393,kdv_eqn
15,20,559.5503180027008,0.006986404076877214,391.46393,kdv_eqn
16,20,562.1141123771667,0.006986404076877214,391.46393,kdv_eqn
17,20,562.1541616916656,0.006986404076877214,391.46393,kdv_eqn
18,20,560.0370306968689,0.006986404076877214,391.46393,kdv_eqn
19,20,560.3528637886047,0.006986404076877214,391.46393,kdv_eqn
20,30,148.7140018939972,0.0063581192565938085,436.5731,kdv_eqn
21,30,149.73257112503052,0.0063581192565938085,436.5731,kdv_eqn
22,30,149.35334253311157,0.0063581192565938085,436.5731,kdv_eqn
23,30,149.66626644134521,0.0063581192565938085,436.5731,kdv_eqn
24,30,149.78573513031006,0.0063581192565938085,436.5731,kdv_eqn
25,30,149.64173793792725,0.0063581192565938085,436.5731,kdv_eqn
26,30,149.7087914943695,0.0063581192565938085,436.5731,kdv_eqn
27,30,150.3050525188446,0.0063581192565938085,436.5731,kdv_eqn
28,30,150.25042843818665,0.0063581192565938085,436.5731,kdv_eqn
29,30,150.5401587486267,0.0063581192565938085,436.5731,kdv_eqn
